# Created by Octave 4.2.1, Tue Apr 17 23:51:03 2018 GMT <unknown@unknown>
# name: ne
# type: scalar
401


# name: ns
# type: scalar
4


# name: nm
# type: scalar
5


# name: v
# type: matrix
# rows: 401
# columns: 5
 0.1782468455808512 0.1602106914300906 0.180434467104827 0.02610448859470953 0.03023990655504405
 -0.02568440010408899 -0.09252181488352894 -0.1594850808711567 -0.184229035050429 -0.06794886146071687
 0.01854029173536645 -0.1677172491217545 0.09425591407065821 0.1687613878110192 0.06909429713842288
 -0.0724829489647781 -0.08559763296946923 -0.01176923471164184 -0.04237451414096632 0.07222676646414775
 0.02270663753919654 0.1957815191539857 -0.09898739446302887 -0.04836488625246134 -0.1116935261593061
 -0.07808783489463024 0.07045218333805192 0.2272436391724784 0.2114285212211018 0.06459450535693431
 0.07658233968818103 0.2021155605343068 -0.01565726877898108 0.1698791000966562 0.03376221713699963
 0.1308884850743101 -0.1568837427533836 0.1337591653413804 0.1467859453958714 0.04015949783721247
 0.01055149260616141 0.1598599895301373 0.1590280075155922 0.1128674566435276 -0.03459189413589425
 0.1639663116296725 0.08738651534295468 -0.1175769027204894 -0.07201256814439762 -0.1039888051815068
 -0.05999509480464087 0.1157989033771077 0.1681064681360555 -0.1658762031667508 0.1867316135741916
 -0.03042494417697024 0.147190734358464 0.01635889132531971 -0.05604733256325282 -0.00592520004900463
 -0.1521094274431632 -0.1128810093623445 -0.07619227654364517 0.06705165605418753 0.03784449713109665
 0.02529561271312785 0.09242720294540629 -0.1287605489749712 0.1271552606380131 0.01806132534954578
 -0.1506552778037152 0.06376928737763933 0.1819826080351417 0.1276178107231017 -0.1669718405927671
 -0.0152244228910157 -0.2085859725180808 -0.1111357104592758 0.1841009188724011 0.03234347314368556
 -0.02847787070882336 0.03273143986394476 -0.1137338811830111 -0.0151615953997552 -0.04752115619904591
 -0.1680582372890334 0.08498422030629867 0.1096610949232917 0.1566853954566668 0.1851252428766569
 -0.07832182087093711 -0.06974308873100836 0.01876489853921046 -0.06198219384833268 0.1934892217076445
 0.173872184862479 -0.1596277992031657 -0.002776078255710046 0.07081365241720157 0.06214913749040183
 -0.0922388933807422 0.1880451682700337 0.1624993670818757 0.02408792146729173 -0.08952274761449941
 -0.1516109702703087 -0.06628619004801649 -0.1517909439540409 -0.112440507927539 0.007678043174350347
 0.02843304377310627 -0.1941945854070767 -0.07544302562495962 0.08989964031826743 -0.153355376028314
 0.1332748765308166 -0.1483690813232568 -0.1759416699101189 0.2189775187454998 -0.2222199666839846
 -0.02005060017736712 0.1735175648054045 -0.2109241463635696 0.1636721657583213 -0.08615149767650257
 0.09493993736040704 -0.1415812075156485 -0.02051659856853905 0.08562174339564639 0.1818836158757368
 0.03187498449375618 -0.08885106849741641 -0.005508471581303622 -0.1613744376285791 0.07505385401691038
 0.1022735480419732 0.07868903811149756 0.04550162436572183 -0.1492424079478944 -0.06793047005427615
 0.04834032183407502 -0.193637024710288 0.09387423226380752 -0.1980295989173716 -0.01929133100573984
 0.2055568060036432 -0.05708344631106003 -0.1171825616473359 0.09756937409210815 0.06307020190683611
 -0.09394105146939118 0.04280799548628569 0.1398909900214328 0.1772996862084622 -0.01557172982105256
 -0.08357822668435884 0.1709854749647446 0.03109186863344081 -0.07967590770430578 0.08763922208284293
 0.05155696821734963 0.003580402553494614 0.01430948108643026 0.1393401694645171 -0.1335639536756177
 -0.1280480002637059 0.02845990896956308 0.0242791992098349 -0.1170884656326872 -0.1346261453047831
 -0.004903471652465709 0.1192698528674875 0.1416047214175325 -0.1144275996924717 0.1454436053391865
 -0.0458777078993139 -0.1054018894296307 -0.1591949494428185 0.05558478949952846 0.07140132066664213
 -0.03146881080904242 -0.0727072648235169 -0.07115540885774162 0.04816890521147998 0.05290567293112497
 -0.1947459689697301 0.05359215019676888 -0.02758682839382519 0.07680080542056444 -0.2193446978141226
 0.1586186899915362 -0.08476709790544951 0.01166530458622765 -0.1342365748906514 -0.0155007974957418
 0.1940824958403167 -0.1479852060746659 0.02712760239697696 -0.09820653024987769 0.1161616657553692
 -0.03949521165777416 -0.03936925146733561 -0.09888079472081612 0.1730098761706044 0.02587032006457119
 -0.007588694226302284 -0.05829910142403998 0.01625319458632918 -0.1044572779867961 -0.1940604550556556
 0.09679060072891921 0.04482798157050736 0.1358818982022636 -0.0860295559477485 -0.211584758900207
 -0.1799812513789156 0.1558539447214033 -0.1081092227540075 -0.1521848037818921 -0.05441639010431838
 -0.009558269513726417 0.08322627830737621 -0.08288882924222685 -0.009209307464353944 -0.2045836904342605
 0.0868250755188727 -0.1486375362140088 0.06682001227798874 -0.1656951777394347 -0.04981826678728449
 0.1730048700446098 -0.1906439509216845 0.02674373532379077 0.1661192431903992 -0.1927910940824055
 -0.05738264441563318 0.01345981895183915 0.05469317614468337 0.07537613319401001 0.17440914045861
 0.07452304311506862 -0.2038499402039219 0.1987968266211658 -0.1470335536380288 -0.1739865736226986
 0.1679044712971345 0.07080981550053177 -0.113045867301658 -0.01216776022273648 -0.1185857679604203
 0.03284118186516813 -0.01076427800552364 -0.08902807034697575 -0.1675120869232448 -0.03421312015763108
 -0.1629729857324516 0.1567349338698387 -0.006164197954502302 -0.1020120738168808 -0.08824330453679069
 0.1008224802910231 -0.09112805225862478 0.1581390493594193 -0.1440662158450722 0.02179369890378989
 -0.1257163437943828 0.1472363606975935 0.06340717712670654 0.09570606090484357 0.06447435783922394
 -0.1585708347335125 -0.1187962726562568 0.1709775392533368 0.02204421964747155 -0.1635021851740828
 -0.02713546750086562 -0.1279208211656591 -0.05980052630708822 -0.1835212952509241 -0.1475438359395991
 -0.1470431120623624 -0.04880037983499986 -0.1491150090371058 -0.005020673358331914 0.08223142131867749
 -0.1885613563633585 -0.1596263512513306 0.1148330287845343 0.13142927063866 0.03496200360303264
 -0.1107592395155796 0.1807793984569615 -0.1465084251450601 -0.03568804386504969 -0.0760475389120384
 -0.00384460088678192 -0.09255112392291982 0.02885218166018925 -0.0001434628726079341 0.07501161645674682
 0.06390917694515343 -0.04956597673399123 -0.02954054221831762 -0.0341509361323302 -0.01030437750093965
 0.08169266599983822 -0.1144834279143158 0.1026991822178907 0.08636221750612857 0.0008115099251201814
 -0.1771083910076869 -0.1378752701333474 0.04141197482813341 -0.1929393301023772 -0.03317255735685313
 -0.1088696065453524 0.01353202319724359 -0.1051124497077351 0.06648267009071185 -0.01484737414363115
 0.008890982489594702 0.1140530771208855 0.1004596441576533 -0.01985074005386804 -0.04077695601455527
 0.1895347362467651 -0.0152794263821017 -0.1057869813841817 -0.1572822203784631 -0.1130799481540462
 -0.08713692950361532 -0.1296496840415886 0.1677394241225887 0.168606539812482 -0.09662318214304948
 0.1699313672191154 -0.07938093760365977 -0.1469100129793268 -0.07945133057697941 -0.05353582803049699
 0.06392569623494801 -0.1280385178520606 0.1168998871693999 -0.06526806276953108 -0.1417054235230656
 -0.04575418826016014 0.1647013596938104 -0.1906586133872867 -0.04421859823733264 -0.09727735310840034
 0.05109688506529789 0.03439099272240759 0.1116707300673477 -0.1206695494136967 -0.0599283300103883
 0.08092307161914537 0.1442272901737001 -0.03492834174675359 -0.150685198679373 -0.1565811955162799
 -0.1267156209493819 -0.05997449750160801 0.1583120345371191 -0.1456754138548137 0.0958648339400551
 -0.1825302663613183 -0.1653719412639305 0.05405337408797498 0.01123745140788401 -0.1175443162311274
 -0.1092657861831088 -0.07891985459962036 -0.01879065017453843 -0.1845274477344225 0.1113428914081139
 0.04934717511450028 0.187892822615531 -0.02882185549250869 0.009921427443927829 0.00462473350234616
 -0.04947782558863133 -0.1997289396904467 -0.1611603733291976 -0.02016524563645771 -0.04968820510033987
 -0.05382710700185901 -0.1419709181429284 -0.1961442377197562 0.1149905940593207 -0.1120881921598455
 -0.05294714486021485 -0.06852480486365389 -0.06613613805227195 -0.2024188304655977 0.1267285547206524
 -0.2642686564403704 0.05364770401974803 -0.01574530935945597 0.009955442673434274 -0.2233050747260606
 -0.09114188494335369 0.2013914741110623 -0.08651282630001744 0.1082184242765112 -0.1316332207361833
 -0.1307226471092701 -0.01296830472596954 -0.1385126669058838 0.147414799980923 0.008218460314975518
 0.1774472566423019 -0.1856554411518242 0.08989646772577943 -0.1930491272291631 -0.00202669709335564
 0.03042489219511401 0.07290550761371009 -0.1378541447646516 -0.01084239308418414 -0.1051490885539968
 0.1661233670613795 0.01092923833381264 0.1583246599637333 0.1436651205323825 0.1291448260842507
 0.110164190071335 0.1459908766485676 -0.04942163905796199 -0.1420279983577142 0.03366693880200927
 -0.07452162452918194 0.1859582713974942 0.1357073218206806 -0.1193698087955851 -0.117109681998604
 -0.1366714750895462 -0.1697310590683959 0.0653225240726385 0.1113936721070359 0.1311917321464173
 -0.06965592231010415 0.1746059822499273 -0.0288310905398737 0.07410982748703088 0.1447565897136648
 -0.0432206620033514 0.1908117819716971 -0.02212419493648341 -0.1532908808670248 -0.0675076425576103
 -0.121167451230333 0.02149042881758208 -0.08454365344456879 -0.2095707229622275 -0.09436830774228082
 0.2096788900212704 0.196609871989205 0.1160597824844856 0.02742549578997408 -0.121034786289833
 0.0653099309539099 0.09318803894711483 0.0539714960964854 -0.00706140170894244 0.02851501474643603
 0.04510887021370221 0.1392534695731974 -0.05779962019308572 -0.2540154462121934 0.05254299505132946
 -0.01185504096385054 0.1863201349766821 -0.04275732999042055 -0.2058915244114511 0.05762360130247361
 0.1573026838747958 0.0009544019549352266 -0.1178852049603518 0.169687080840015 -0.1801260167801565
 -0.1034484047242398 -0.03942593935843555 0.1655285561190684 -0.09918068492304642 -0.002939011605782025
 -0.1662271613688605 0.1492028383593664 -0.1318111260704163 -0.1635512242638744 0.04820832748776398
 0.02875019381157816 0.0765374705580804 0.1723538400897583 0.08645399801041233 0.1656326042091872
 -0.01650926046390205 0.03979153073373171 -0.1949926853684151 -0.07310854584106244 -0.1626353353424425
 -0.02107193249632327 -0.06127842574254927 0.1061692811555435 -0.1892696593845466 -0.02665431788923172
 0.1545797084949877 -0.02210795698588806 -0.08297555236816792 0.1620344087631604 0.1232720333162259
 -0.02174510063584377 0.01461428102432526 -0.08313151712824776 0.2094690683454599 -0.2011599656710931
 -0.1426289662905472 0.150860740770419 -0.1028100888737901 0.2224108029912968 -0.2170898141656351
 -0.07257233887335882 -0.1734162541601117 -0.1956309842026075 -0.1733035719864884 0.08476292910871565
 -0.2247690378258732 0.0347062582236262 -0.1450752179915405 0.05322898405701808 0.1203388805461453
 0.2117042578764657 0.07662551233021847 0.1542998772616191 -0.0834500091171534 -0.08110112970513611
 -0.07565361769020117 0.07860079770289613 0.1936390872330246 -0.0705186887079839 0.03851426567730871
 -0.1370259712496969 -0.1210519960844341 -0.03859026834980762 0.05692092786469239 0.1833865992038153
 -0.1587124478529093 -0.07705303913455423 0.01571521074822912 0.07691859319769095 0.1131095414275419
 -0.04999673378144861 0.006797705591986922 0.1941557454676231 -0.1855247608706261 -0.1211307388545652
 -0.1098997649441574 0.174493842389377 0.2213180124959635 -0.1595498410806762 0.07970609772199151
 0.0633548194337986 -0.1166623042014861 -0.02700667706062889 -0.2096075817307842 0.0004891857743955864
 0.05126404823406987 -0.02410528943080346 -0.1944378282380892 -0.1534269860303642 0.08613808839557452
 0.1627082476299591 0.103653360866504 -0.2048846460606348 0.117763937010859 -0.04317853233380099
 0.1199566704711186 -0.0306373031359985 -0.1943284137532277 -0.09859723213678531 0.09071514765043749
 -0.02180130100802727 0.07359675137443014 -0.01350227333263622 -0.1909126996333554 -0.006882218876203271
 -0.2168327553515094 0.2049429841130029 -0.03490464114306415 -0.0124068313192753 -0.1591714414616618
 0.08424583710725371 0.1668177894615373 -0.1342274424310632 -0.1157635507336025 -0.0778739735112485
 -0.1552657661910323 0.0909052353384468 0.1649613755690429 0.2257841830048838 0.1157858790442519
 -0.1922500585268607 -0.06283799836674502 -0.1806498726008626 0.06517838572390611 -0.01693486026357756
 -0.1046024417076951 0.1733641310712324 0.09228436583945612 0.1091082517873788 -0.1617073034838672
 -0.03824021604959803 -0.1452334364855601 -0.025593919064271 0.005224309175239242 0.1526333571730208
 -0.1077193033835869 0.07686470826856646 -0.05630770656963889 -0.1072834672840607 0.08103320885950434
 -0.1787188419329999 -0.08612215010800858 -0.04996271915938658 -0.1738608723858638 -0.03619510843985778
 0.09140698336148777 -0.1787008433880434 0.2230332316871218 -0.07543484071254142 -0.01713992255960179
 0.1523804651801017 -0.1623272457346474 0.06223681013051525 -0.1242765883271076 -0.1446941793321566
 0.1374234512998359 0.1955144136213971 0.1277089101398925 -0.09432454060911655 0.0172071978169186
 -0.006676587390240818 0.09015462590687112 0.1585028172950663 0.1887077670846523 0.156617664732862
 0.03214022087325234 -0.1096752591800116 0.07221814353382738 -0.002442711587287458 0.1195733651845619
 0.1780319573764259 -0.01517046128947013 0.1615097239140391 -0.1055304186136706 0.1398360543953447
 -0.05199263082834096 -0.04331459799842953 0.01330634520301538 0.09831511195079888 0.1448027667786686
 -0.1136965115729518 0.105094906332386 -0.008907010044369962 -0.01113045056975618 0.03197845350624687
 -0.1710449736614107 0.198282235276691 -0.03304048238314379 -0.2053669388810348 -0.1401667216502602
 -0.01060330580882581 0.1450823857957959 -0.05514460189657176 -0.07967275290684286 -0.1564196858236336
 0.1095816247512458 -0.1058404372486975 -0.05972868089645002 0.1590891212914576 0.08999434692308234
 -0.1001949291662369 -0.0613879915027471 -0.1276515502607144 0.05680237030337709 -0.1776601755399051
 0.08066117733063075 0.1417765855381583 -0.1282787766769418 -0.03725507321528065 0.1380700701757401
 -0.003278830927722679 0.01465635961033624 -0.1814952771429244 0.181543009573887 0.1393184528269912
 -0.04189767723205633 -0.06527675533739678 -0.1131196223568513 -0.006257877280082221 0.003535767992087075
 0.1155801226256133 -0.1107971251362672 -0.136779384345363 -0.01881469737194819 0.06135968435887018
 -0.00926151715560772 0.06488530266984624 0.008576308407488806 0.1782677455728285 0.1678124130024312
 -0.003136798049574534 -0.1959403196193225 0.2156996068810245 0.2588308837810547 -0.05725065609732267
 -0.1302974027365203 0.1705479065290385 0.002716730151149921 0.04631446852950116 0.03966263514445257
 -0.172609967570512 0.06687078302850238 -0.16321720509183 0.213645324604755 0.1661762918156658
 -0.03700231162670285 -0.1402143415140506 0.1202905316788714 -0.1508612679399394 0.07191126724034318
 0.1388741085903283 -0.04617391364786746 -0.1569277443241537 0.09166094164935171 -0.03009176341404026
 0.07202280950404547 0.1651703116132602 -0.05093326208643541 0.06996416741678256 -0.09294552900059974
 -0.1753320991604392 0.1675950941430708 -0.1893783045137142 -0.126713366658829 -0.1546966614593895
 0.005228248077067121 0.08822095004496244 0.04723223686729155 -0.0246337843131567 -0.0576184167972971
 -0.145063192593334 -0.04532484180819148 -0.1413229092066516 0.1233900358448869 0.2100503004336267
 0.1872701261187874 0.01768701924627947 -0.2212155474535449 0.1126825087749564 0.07623660481914403
 -0.03481634609640072 0.203553714083627 -0.2383490989894934 0.1054185412567931 0.1781528404782661
 0.1546652776795569 -0.1240696569827236 0.05844937519916684 0.1448030992251472 0.05148256566694037
 -0.124959023294233 0.1205506075354575 -0.1039208793390759 -0.08564018938586217 -0.0731905229369231
 -0.136009540364058 -0.0624615990738446 0.01724091604637899 0.08171790889553553 -0.1028687565037349
 0.2248416630765898 0.1442571115322449 -0.1509940031658679 -0.154248591524236 -0.0410618381736887
 0.02766581859979584 0.02504251412363166 0.01824835387744915 -0.01570146000431218 0.1785899023783083
 -0.1336932914379425 -0.1422129464835099 -0.07832920035737237 0.1450974094482584 0.0001943152005817517
 -0.07731196274087079 0.1093837281350763 0.1824008021711403 0.121562590825611 -0.04907032105042539
 0.1052070641924066 0.1052628222381854 -0.1967659206443576 -0.007042061208195461 0.1654940401662842
 0.07963709481244753 -0.1056267599369626 0.1726915629707227 0.1492043749382708 -0.008613342212779493
 0.04601130074019278 -0.09543361489073561 -0.1086782911154113 -0.184180677516747 0.1365105521781678
 0.002449246028222247 0.1784419205274262 -0.06960707330259212 0.119660772143802 0.1159914630334498
 0.04614228151258221 0.1056815342987184 0.2012620333085051 -0.1286262634022485 -0.06923875108004078
 -0.03983797939028978 0.1510734581584477 -0.0363929160613212 0.08785739466210991 0.1868655542511458
 0.05872686545112687 -0.0590351207218937 -0.1023010601255911 -0.1960682065061108 -0.1543885054599217
 -0.1609569296410699 -0.03046843099543065 0.07829116597585398 0.1429778513390349 0.1606148392020821
 -0.1794825458305715 -0.05527208793561942 0.06136506987597769 -0.04107348382737745 0.00024546686648303
 -0.09803742089204037 -0.1124386722622099 0.08876142339376543 -0.03939912091862399 -0.1384594230702771
 0.02441381002490813 0.1946737660756863 0.06692746293661976 -0.1474970423940163 -0.1066421688981679
 -0.006412166319276902 0.03475858283068534 0.1820296671768264 -0.1399056604613004 -0.1935057811016062
 0.1024346958174125 0.09122558505544284 0.09527395869536184 0.01175033141344213 0.07916913531607063
 -0.04381976461407115 0.06847156219199474 0.1673616566710335 -0.03637813557669454 -0.02787979255348802
 0.1180147275899172 -0.1818492737880201 0.228291142359561 -0.08479393366306977 -0.04688957704017177
 -0.0131718382118028 0.1012305892588243 0.112215919904254 0.05037818848118621 0.06844978006419232
 0.04919902210550214 -0.0143777384451228 0.07648663039355674 0.1778077264760627 0.0235303653618538
 -0.04586754826694549 0.1575805096970952 -0.01154113213497917 -0.05422173269983788 0.1370282112961008
 -0.2178130694476892 -0.1675497894137412 0.1953015920517573 0.01599463041359677 -0.177680900586533
 0.1827954429000288 -0.1146255872774717 -0.03967611893264504 -0.03656651655509864 0.09658433024857389
 -0.01976373357525861 -0.04369396495061567 0.1674795491058025 -0.1038193577020588 -0.09610878338814742
 0.07306146237841583 -0.2225337456632662 0.05145576672252981 0.2025171697221241 -0.02076630739426421
 0.000773592469595716 -0.07450086649893624 0.1770801294369054 -0.1282801041402338 -0.0979081680078218
 0.09485676610707409 -0.09688929426746169 0.13960696676907 -0.1228070941118199 -0.1645566769942386
 0.04092693934972327 -0.08415398369745393 -0.08914321530494503 -0.1374434944060592 0.08565390990402988
 0.0613424297820605 -0.02479091313875051 -0.01898479072116155 -0.0003009166491352588 0.08379806613482434
 -0.02057935953047306 0.050148629279722 0.005310941902901411 0.03496103787504005 0.1877276594845712
 0.112167759185274 -0.06866690048551652 -0.1439292407604994 0.004916460512125652 -0.09853582063660773
 0.06579529269098519 -0.0760272391145054 0.1026617211346375 -0.1390578769533416 -0.0002482153788450292
 -0.1047651739087733 -0.1655229111251468 0.1493689034071685 -0.0652332438882908 0.1941935524681548
 0.05228291757696199 -0.03477600230110996 0.0579752673124516 0.02184689464258889 0.1776324781874585
 -0.1969799799749133 0.06629563710708056 0.1433812055958124 0.02542319885178791 -0.1495774972637054
 -0.1054882403375789 -0.1718548712955513 0.2434826273657099 -0.1424953912382219 -0.1692405552805938
 -0.04122903438615404 -0.04461675586769498 -0.1859560216744137 0.1749138906993658 0.1539052171331897
 -0.1541883729336691 -0.003925522359224743 -0.1754729483088486 -0.1007342441044516 -0.1088219542776904
 -0.1418751394883364 -0.01919834622257215 0.2319679649363136 -0.1249400750648704 0.1465126042248175
 0.1959572037724775 0.1485758757106282 -0.1900228838458074 -0.05362243187165314 -0.1791663625223788
 -0.1363161949738755 0.1441758292332802 -0.1542260235194547 -0.02574237575680028 -0.1935319044817496
 0.0426259128715721 -0.04702719323224048 0.02766691272153603 -0.009778736576987024 0.1461185934844823
 -0.090029948349803 0.06070184901319065 0.02427159745809016 0.03853353437777193 0.05602716370348303
 -0.1099042255470466 -0.1958640612711852 0.0115576485422384 0.01296063818904362 -0.09470908530425214
 0.1778858495124123 0.02803060693131847 -0.1111563205124205 -0.01866143802789014 -0.1152954893085344
 -0.0421194270005466 -0.07915381675594735 0.2017984565471092 -0.1738582290431872 -0.1202789767124402
 -0.1506484076665822 0.1942642605283709 -0.1958518463309395 0.1709666111031915 -0.01039188827863738
 0.05386895701911092 0.06879861888980857 0.1013243164270679 0.1244997996347114 0.1358528733792287
 0.08119401451600824 0.119386943473366 -0.1303433552386952 0.07094726420818488 0.04290000097809486
 0.1535296495028037 0.03618991415523314 0.01532819245613366 -0.1066547984656943 0.189444660030011
 0.1296732154788621 -0.1329142456541914 0.1200012724989029 0.1888483962143548 0.04846279852435851
 0.1757454590371257 0.1312914249338904 -0.1262737144375296 0.1040748904472217 -0.06404287846536152
 -0.193522732991046 -0.1452811558511976 -0.1534175328785579 -0.09442490921240911 -0.08701051544074674
 5.591667442079291e-005 0.1754883249548218 -0.06951829549528524 0.07184509294218989 0.1729673666872174
 0.1858738746458405 -0.1997347526815359 0.08888885655309289 -0.1128345755515807 0.008088359112416078
 0.06191177507298911 -0.05353610318036847 -0.03818871747913269 -0.02047113181149946 -0.1218848320445046
 -0.1428976646093044 -0.1717203841871486 0.01436990915754608 0.01431936402578202 0.08862511778618797
 -0.05366631012280474 0.05290936752312084 -0.1332346938422903 0.1762318522249543 0.02603929233939635
 0.1083856765708209 -0.1671532919672763 0.13120002373561 0.05127243043858066 -0.02421594644796943
 0.1717908829383586 -0.01670442472908465 -0.0566298847259765 0.03983475203709075 0.03365201018345765
 -0.01873990052267511 -0.007062422294483191 0.007671892687930032 -0.03108118545442911 0.0006589609762248858
 -0.1396631999556338 0.1314658584374944 -0.1085903117302039 -0.1225336655592808 -0.1563834583045998
 -0.05673179067897133 0.08752249528272368 -0.1718260379403745 -0.1523794408438661 -0.1280123061888774
 0.099855403281755 0.132802550937614 -0.1982119037765301 -0.158686612902136 -0.01453660457745964
 -0.103199229650621 -0.08277356387483291 -0.08187346679340336 -0.1338240521613834 0.1589491205513147
 -0.1561582020803498 0.09035362672394505 0.1351482889097214 -0.04519438856554638 0.09663151585003263
 0.01282320518992329 0.06229351751392703 -0.2410110316150441 0.03077240178504225 -0.1369716936503026
 -0.06988989315974925 0.04920891858148164 -0.07968396325123453 0.08101253652075982 -0.09300529275187241
 -0.03958167047040579 0.004328760333084544 -0.1337331237162052 0.04375419509173591 0.05471845540989329
 0.1509158900751746 -0.04995251408149744 -0.05949555531680615 0.08960503696992671 0.02865674755112679
 -0.04619072142745335 -0.075692523153987 -0.1596270301982076 0.06400038649297679 0.0156080887807776
 0.1090005804330787 -0.1361064510901271 0.1394170253267833 0.1882734378137956 0.1616756730200094
 0.04021851292775375 0.1587781104840866 0.02143164526259106 0.02564598192092787 0.004045440900622286
 -0.09113892791719777 -0.04773822474673809 -0.2120767538489877 0.171223243711332 -0.1384436772711136
 0.04659649386245147 0.1529028229761159 0.04584657032061513 -0.03690655837828503 -0.1210698630629382
 0.01670405444752529 -0.1527344597321281 0.1827582185045896 -0.08707939550425893 0.1551280863456036
 -0.1129190271904448 -0.0839281102079223 0.05201039117414746 0.04023318125878586 0.08369749570795727
 -0.1835998769432252 -0.1175630619180521 -0.05731206285477695 -0.05458257397776911 0.07035164305086652
 -0.2222641897601923 -0.0803557182116874 0.2279247953443476 -0.02159278235925229 -0.08465394422245143
 0.1387431996131014 -0.1381830364926921 -0.1258866565699172 -0.03336298450854305 0.124674523124714
 -0.1484260163108376 0.05214741142573587 0.06157984771448937 -0.02902179242590473 0.1897342292096833
 -0.03339357516942639 -0.04730182990687813 -0.1344857288497079 -0.05163366665391794 0.1580661238028078
 -0.04176441924121303 -0.2079706341760304 -0.153516740149807 -0.1453514306762942 0.1024843635159943
 -0.1293526805804021 0.1517236728825489 0.1690974634971506 0.1841918824170016 0.1512114692123158
 0.1818198566845623 0.1924955662966927 -0.05383250359434204 0.05053540191346682 0.08001132975990499
 -0.2003168225733257 -0.006913020297214437 0.138801153292589 0.1024664140580804 -0.08549845529442686
 0.184671649678787 0.1590505363648667 0.08229322244169787 0.01755968603922394 0.03568907391168349
 0.01512800565226025 -0.1397526242851986 -0.1657416479589776 -0.0958880338219595 0.03525081493103715
 0.2308557713778336 0.04001760627811699 0.1919584212694462 0.182447175634432 0.141252800298661
 0.2278211209325572 -0.1261679313467128 0.02478120190688535 0.04258479788269978 -0.02732806333869103
 -0.1523911181729921 -0.1132724245126877 -0.1751544735014114 -0.0526224378624961 -0.07554287479358156
 -0.06221746580845695 0.09302325576912179 -0.01651705189248618 -0.1048931625865395 -0.1281804011356438
 0.1052800551235535 0.1400315531805547 -0.08461803066718042 0.2013824499660598 0.1185941395456636
 -0.01302072418601228 -0.06619567406894894 0.05753631301195793 0.2171426764866158 -0.100921738065488
 -0.01154909077385843 -0.08646916746654469 0.1075745383213683 0.1008247908933112 -0.06921231644905763
 0.05625711121855104 -0.1360670736402632 -0.1513134255614927 0.04002623970788668 -0.1116240454780318
 -0.1338466215650222 0.08647582965263832 -0.1542385579158108 0.1208045601670038 0.1174390943645404
 0.08209440783777176 0.02421456518564113 0.01542032318004223 0.1592906534479016 0.191182474602985
 -0.218700862455661 0.07900832701700128 0.2010804814734493 -0.2119173506221992 -0.01334952674228868
 -0.1769123862217742 -0.06348851751476657 -0.006257470492090734 -0.06183145055228423 0.07184255076032753
 -0.1404894189272426 0.196971879309477 0.1366744243081675 -0.1429457955411332 0.197044898807829
 -0.1055162052687394 -0.1290543671735653 0.1665450357764799 0.2253468306987058 -0.09760233410268576
 0.1373511755492906 0.1212219390560742 0.06877779927263919 -0.1175707576735105 -0.01471939385175369
 -0.08615884742612655 0.01366093667454327 -0.09752217429703298 0.1115304319336276 0.1097203691995502
 -0.1522186762515253 0.1560785713242409 -0.004300941290930838 0.173046964853593 0.1536262417881098
 -0.1808599211367341 0.120371761987525 0.0723264602548218 -0.04408970599263429 0.1955607198386677
 -0.03921964619073839 0.1421860940317734 0.1166901423077423 0.0007410023443759368 0.1888163970982016
 0.03402581269922329 -0.1478710866897721 0.01382504579688444 0.06485643206332761 0.01803853954041937
 -0.0965745498423343 -0.1285504313615197 -0.01959112947670143 -0.02143010318554495 0.07977281607282963
 -0.07583794467397817 -0.2036470647843893 -0.05339433556168199 0.07188209233126942 -0.1252453406989008
 -0.08975005346822329 0.001574893477739536 0.1865613846635109 -0.0166656771026813 -0.1842135947008323
 -0.01687264042812775 0.0407369226513966 -0.1910583988731597 -0.06631971586474902 0.1308310353420696
 0.08007530792760617 0.07636501463233758 -0.2340451213044597 -0.09139476669275337 0.1710131256072136
 0.2050492336438529 0.1508601978883908 -0.1366832497983829 0.03587347523831403 0.05417300964832959
 0.137376535681466 0.1485221152669019 -0.1340540097199877 0.1213025042151439 0.2117494577525943
 0.1618301672223821 0.06739733734772754 0.004095695917933444 -0.2316174322571859 -0.1001787855948897
 0.01293490049867754 -0.04290803408832281 0.005641320093011793 0.0925689846584751 -0.1780101848536745
 -0.113518045617264 -0.1385454272212777 -0.03061422800402911 0.1282135765301311 0.09718658164031775
 -0.09644331597701987 -0.002562076546534472 -0.09022841419470148 0.07968955531339232 0.1794597577021519
 0.1960671358362277 0.12745516464952 -0.03290862856353993 0.01368063887934772 -0.08863571277271945
 -0.1783422785360309 0.1535764205147629 -0.176188902697999 0.1830577137366304 0.1298718278087191
 0.2016060039302558 -0.007208278141221111 -0.05908891534647359 0.03199194099809151 0.1661787424291348
 -0.07987457921199413 0.04639379523294629 -0.139960273406913 -0.1228803735214201 -0.1276087222242041
 0.1921711470937172 0.1496076739413021 -0.03832488990065903 0.07137914895094526 -0.07713813701762512
 -0.07035756203900799 -0.1759258281614561 -0.05794249745504507 0.1160849631848209 -0.1107743839421461
 0.1479366551147888 -0.1724094198015468 -0.1367610518341438 0.01225857466163064 0.07711702022883203
 0.09713444041305017 0.04042462012773367 0.1973381188568037 -0.1284074471501266 -0.1591956910560223
 -0.1582478795920506 0.1426600261635085 -0.02697589944012269 0.1777703413717145 0.1424639364015272
 0.1305019467949557 0.1173344145554543 -0.07251227839221858 0.05775591821084014 0.2147615382897534
 -0.1437465493486435 -0.06186818339903823 0.03238557819768037 -0.06113587800200003 -0.1474808782466941
 -0.05673680695200241 0.03007478258243466 0.09492743194219623 -0.1716318047469127 -0.004070447475655162
 0.1099702047877417 0.1408669187498361 -0.1600495428176228 0.004529269681068947 0.1396219933854364
 -0.1380669878946446 0.203061281094104 0.01295369797288818 -0.08527944619781413 -0.00754877338612997
 -0.07359476771252245 -0.134357528792494 -0.1018488424898648 0.08028050672319453 0.02476948508411539
 -0.002594771455104131 -0.07605411174810207 -0.09734969531835858 0.1688417503697923 -0.06814966878869122
 0.01609675396576785 -0.09717286207931609 0.1239228087503518 -0.0698367108612245 0.1672012389515847
 -0.1695564057452005 0.06838433662056406 0.06407232429681431 0.1633314608115163 0.01991974309712998
 -0.09958592603294687 0.1059184351099528 0.06665042826148432 0.02593971943002199 -0.1210784368505948
 0.06746187162936919 0.1376042503708681 -0.2145084931931051 -0.1782048482305195 0.1347797621029666
 -0.08636013044908686 -0.1748411092434685 0.1126801718450969 -0.05164769470630784 -0.01621455121462773
 -0.157659516883696 0.1400095821988755 0.07251511282281527 0.1542688397833969 0.1261979992914111
 -0.1750037439943516 -0.1719741590865921 0.04589025282344172 -0.05799894415858782 0.02301544116890888
 0.1977380793112728 -0.1472814643710383 -0.1807986663279545 0.07659336873599797 0.1830574322974164
 -0.07254346930075373 0.03469803343848748 -0.13156128543312 0.02485466006761907 0.01161916422298219
 -0.1485946387562176 -0.01708853728287683 -0.05509170925575402 -0.0825207148330412 -0.09968289911600292
 -0.009345758369152501 0.1790871796273321 0.08504358852785524 0.01157222919746896 0.0568341105966288
 -0.02239919964423554 0.1737256146461009 0.08967985814381618 -0.008783278510870452 0.06445043584722053
 0.0637687736965849 0.2020128261989301 0.08248232771294078 -0.1393679143066117 -0.1236642280832292
 0.01407677427830389 -0.01179647237700541 0.07283536572031216 0.03448918446350287 -0.1871826411631033
 0.04784035831157771 0.1190390029272101 0.1084136605091102 -0.05401185760984061 0.1596835470087971
 -0.01305186313408914 -0.02793131792189402 -0.03699174470296039 0.211016692448362 0.1401732033996061
 0.1544879747479793 -0.2142004148314163 0.07209290845995313 -0.06995767946486238 0.07828134407349682
 -0.16807888142642 0.1669560720959995 -0.1799686352468689 -0.1599134207478794 0.05496204927030753
 0.1283114771133382 -0.1046101411397489 -0.1234219507422226 -0.1612415081749691 -0.07488084036878317
 0.06097436576665439 0.1784183785818575 0.1095375010418873 0.1761262388657608 0.09979034771863761
 -0.05976070630922788 -0.08389896794414685 0.09166191022414166 0.05472619618581734 0.1849046111401786
 -0.1883923627766411 0.1951244027757055 -0.1740753490712841 0.001941941837067709 -0.07023979225579893
 0.07667726723158909 -0.00685885206034506 -0.1600722915840999 -0.09823608117397731 -0.08126103041603913
 -0.02090782340665613 -0.1674488178301309 -0.137929396951839 -0.01088008781823466 -0.05039074452776633
 0.02533942173815832 -0.1485343644908502 0.09569082993306732 0.2399531046742629 0.1309769619877825
 -0.2066013057541429 -0.067162283953873 -0.1437878680533952 0.02751544706826248 -0.1754388486655833
 0.1649968962227597 -0.07780023487986648 -0.1233480474299571 0.04844507311360702 -0.096499356314801
 0.1486782365409902 -0.0009565761616972202 0.1849916331413834 -0.04931357672302468 -0.03819200845379161
 -0.0145124817976017 -0.06089378844891161 0.1020992431617516 0.07322943763464829 0.1280865416137551
 -0.02277347465534418 -0.09432598958922472 -0.1205024632157611 0.02101694481872798 0.1954836392453539
 -0.1145705963196019 0.1679737146216799 0.09026260053673973 -0.07393783348951717 -0.1398158796403512
 -0.06788384147363712 -0.05151613365060379 -0.1184659749490226 0.007845689566876946 -0.1942918791893882
 -0.171476387116837 0.1573446373209691 0.1542616417208486 -0.1841560224322717 0.1887819187382347
 -0.006425720988859207 0.1523465679397585 0.09199748091882604 0.2130191076812133 0.13359825409334
 -0.1287723567270527 -0.1017213049643269 0.1277324387210265 0.08102798621021233 -0.105758143108939
 0.1812711357963442 0.161956914779116 -0.1188043694495697 -0.03175325219413902 0.1180765084029343
 0.1670333848042929 -0.1623978955420784 0.06406242376810171 -0.05207237970580505 -0.1483865594376729
 -0.01072816756447371 -0.04440113665252547 0.1479686990157019 -0.1811418937306275 -0.06272707887529699
 0.1863326316725889 0.1367344834871261 -0.01455911504293827 0.08783357855298432 -0.1644948065967944
 0.06409272433955222 -0.1245265960174124 -0.05126342405638881 -0.0429770564475474 0.1372263259868886
 -0.05113238608614068 0.1394482532602394 -0.01253707715277196 0.1459283747508447 -0.08576478371579763
 -0.1819247341583886 0.09154718139923049 0.2107356877079189 0.1617573113664029 0.0763906010459434
 -0.08924576912609823 -0.03309376024200572 0.1558733111064748 0.1409479644613559 0.05443235471017163
 -0.01094190335100367 0.02163140301909842 -0.1251570505818091 0.02190971512029531 -0.1426277255853127
 -0.1704760357007467 -0.07592083233630624 0.05378811277997356 0.2251654579297024 -0.1265169268793942
 0.161211602579529 -0.1200848140223456 0.09153636165228654 -0.09762498559359337 0.05944314906510564
 0.01274834969756884 -0.1081177762689205 -0.09821807661819876 0.1243761856111039 0.1813911020507544
 -7.45655337770268e-005 0.04046105313755732 0.07873929126707196 0.01594487058365202 -0.01903558776198773
 0.1097486322205962 -0.07530143152507723 0.0315726138204937 0.03708601036364025 -0.1044476436938055
 -0.1268998603508046 -0.1650255327810718 -0.1520730144038198 0.1114075844357041 0.141141739165302
 0.1836331199999374 0.1344450235998718 -0.06320154948147734 -0.1508029190803796 -0.1856405840441769
 0.1912976809073507 0.1372950168423035 -0.03868802338045561 -0.05559977584126619 -0.05383500751007578
 0.1563037682282341 0.05096355618352683 -0.05361138948744767 -0.08048681691602931 0.2040574203428225
 -0.1146795628356907 0.0461324456984141 0.2312596879569712 0.09612023834112454 0.05551249793507106
 0.1015174885851837 -0.06494814566639796 0.1374280853701906 -0.06986527284407154 0.1570613784838726
 0.1600158879473496 0.1643928768157839 -0.1436572930308422 -0.07831026699971974 0.1157416764294292
 -0.01809493321642788 -0.01862849839599239 0.1734677882939517 -0.1447630942711304 -0.04677666497874797
 0.003887412424234205 -0.1998293543441127 0.05686270263835155 0.1380335187079889 0.01183866281889757
 0.2003778794703371 -0.2135809441341697 -0.003892028038634927 -0.03047868809931229 0.1172578818833643
 -0.1253818544335743 0.06143784584433108 0.08754150312522745 -0.05819463873770452 -0.005039930301372409
 0.2215559888060954 0.07494917359989221 -0.1263304628056572 0.07613608158103007 -0.01345891016145164
 0.03049922738499367 -0.007233539734425042 -0.05230886049668308 -0.05387804536950427 0.0480884203560862
 -0.04044034951560627 -0.1391716960007734 -0.1440897004558444 0.1234501304782396 -0.212701251595656
 0.185150566797986 -0.1855148796628973 -0.08155240290293825 0.1522800286616427 -0.08867741305275484
 -0.07981873861782257 -0.1522520760891904 -0.03703752900503939 0.0614692099909695 -0.1607471975137021
 0.01574146827904261 0.04105551972594937 -0.08882083331719699 0.1672423424268121 -0.1940847861002135
 -0.1191230901264996 0.05582805227105423 -0.04893855655719997 -0.1412110518212776 0.1010686063344859
 0.0116168443517457 -0.1467280479598013 -0.1387104424793306 0.05292897849680678 -0.07851599461587576
 0.03088672413738865 0.1713584953675301 -0.1568829867723829 -0.08246582807819645 0.1157938918092117
 -0.08089047538468101 0.008993377966376252 0.231080734477645 -0.1694664461172131 -0.06854103843405479
 0.1114841872070345 0.004869590141460031 0.1691561557038677 -0.08681550702360114 0.1232038231669578
 0.1432688450627042 0.04960873485355255 -0.02382231724579943 -0.0442385123157502 -0.1025583209903817
 -0.07543203937885164 0.120838557617575 0.01407076743217622 -0.1242967245126585 0.03587333765679631
 0.1646532116176592 0.08310814093719501 0.02823945248241429 -0.1413325770194663 -0.0834231433805282
 0.1155832342696655 0.06264820299634292 -0.003976045628006663 -0.06660744242329414 0.2039087780380523
 0.1787783038459844 -0.1102609022018614 -0.07290578933886453 -0.007955504186605844 0.1050691296950352
 -0.1146502905796948 -0.1377625679656597 -0.08137914868279893 0.02797361267454384 0.1451338152310272
 -0.07633804157099308 -0.09355351334681548 -0.1757431843058749 0.1834917096392382 0.09914301014548633
 -0.1330342765356813 -0.003209298469532458 -0.05253280087900501 0.002005293786099089 0.01941974618259988
 -0.1081975324755911 0.09542431121068065 0.08628378094770713 0.1849638007549866 0.002101774365323547
 0.1533796841022511 0.1611869459008184 0.005007326280793734 0.01065221103050633 0.1259782356044571
 0.06133834088412027 0.02220004595171802 0.03969330886126803 0.07389947485987851 0.01685923329824123
 0.1464006055546338 0.1196991214402976 -0.100620418800809 0.1741373439272467 -0.0605565226252046
 0.009846796743387254 0.008904794617851413 0.1515315178371046 0.0654942815979439 -0.1281899396769276
 -0.03366692614209436 0.1487980672364122 0.03040994267574496 0.01750961353077861 0.1019088317059462
 0.09157498508576761 -0.1953282030071582 -0.04094776879275604 0.1436066903831136 0.1174675314807891
 0.04508474625950658 -0.1061701768716707 0.1566203251533142 -0.1113834012317082 -0.05972330477309662
 -0.1087665554562915 0.1729903812489041 -0.08399235718378717 -0.06512350861120837 0.04934401126364701
 0.2063262609222651 -0.1865100912824265 -0.01575185421769104 -0.01356141655883136 -0.09477387106594841
 0.03204976301472177 0.1186390930409912 0.06058548358701647 0.01415437985611405 -0.1786856502939757
 0.02517275010463269 -0.07529247112473676 0.1052523001646181 0.1102256944071769 0.1231651166156005
 -0.1881558724926048 -0.06522285527850497 0.1215721047004656 -0.1415202771731899 -0.03012876987580079
 0.02076296645474266 -0.007237198538847943 0.05138626904186159 0.03746988400359987 0.06055792890077367
 -0.01500133322589019 -0.05879937613670868 0.07231546720183167 -0.06480425159445122 -0.127383141752587
 0.2001839749003445 -0.159315241267192 0.07144086470046725 -0.04016298954820861 -0.1534027985524446
 0.117880902767435 -0.1099399846116352 0.1047108713938294 -0.09503780505768002 -0.1813521964928466
 -0.11326978294273 -0.1633498636364755 -0.08705830179357889 -0.1819521511229293 -0.1422460697511634
 -0.01132122383436302 0.1595493026560988 -0.0169195361738002 0.04656181915914656 -0.1480240774796273
 -0.179950999938696 0.08201895903985111 0.007562477189714073 -0.02607966403685939 0.1648997461899158
 0.09111939787037318 -0.1608789975243836 0.1235307995374553 0.1692239885604711 0.1107654790544587
 0.06684941889690919 0.1677285415714328 0.1367475345412653 0.1507017653721709 -0.09468759461284935
 0.04502380485225507 0.06131535638463309 -0.1055952659949888 -0.1790374834707523 0.1047764256884248
 0.121316933227969 -0.001524743647775058 0.02510763133697557 0.119923863739643 -0.1966895477536078
 -0.001572692526601754 0.1738260273235303 0.05491447365286269 0.09079416536777116 -0.06386299315625012
 0.07641083342573946 -0.08790487461279696 -0.1359019491101374 0.1020804901116378 -0.01507149903891463
 -0.04220120266081931 0.04901216611056235 0.04760185828940313 -0.1820498877645519 0.02645312277340702
 0.05923783063145278 0.1919648874329815 0.1809033097151691 0.05611605751511239 -0.1798772579037823
 0.084610737388868 0.007990195794226922 0.03481699957717961 0.08774752767205929 -0.0149086592363495
 0.1134692487547101 0.01280736227713034 -0.06279949422525465 0.1163084269369143 -0.1301207041599493


# name: w
# type: matrix
# rows: 5
# columns: 4
 0.3839775239643995 -0.3212660151179065 -0.4269759653143764 0.7056265782638345
 -0.4789008394585775 0.3481101027343692 0.3714007452273687 0.3597069226273939
 0.3804224930207745 0.7408115703953644 -0.2782076660568849 -0.4642244668867291
 0.3712270772368203 -0.4453296318564501 0.760518692108286 -0.3198442429061217
 0.09077019163284072 0.004773265347681617 -0.1461962589705457 0.121755194627944


# name: bias
# type: scalar
1


